000 000 000 000 000 000 000 000 000 000 000 000 000 000 000 000 000 000 000 000 000 000 000 000 000 000 000 000 000 000 000 000 000 000 000 000 000 000 000 000 000 000 000 000 000 000 000 000 000 000 000 000 000 000 000 000 000 000 000 000
000 000 000 000 000 000 000 000 000 000 000 000 000 000 000 000 000 000 000 000 000 000 000 000 000 000 000 000 000 000 000 000 000 000 000 000 000 000 000 000 000 000 000 000 000 000 000 000 000 000 000 000 000 000 000 000 000 000 000 000
000 000 000 000 000 000 000 000 000 000 000 000 000 000 000 000 000 000 000 000 000 000 000 000 000 000 000 000 000 000 000 000 000 000 000 000 000 000 000 000 000 000 000 000 000 000 000 000 000 000 000 000 000 000 000 000 000 000 000 000
000 000 000 000 000 000 000 000 000 000 000 000 000 000 000 000 000 000 000 000 000 000 000 000 000 000 000 000 000 000 000 000 000 000 000 000 000 000 000 000 000 000 000 000 000 000 000 000 000 000 000 000 000 000 000 000 000 000 000 000
000 000 000 000 000 000 000 000 000 000 000 000 000 000 000 000 000 000 000 000 000 000 000 000 000 000 000 000 000 000 000 000 000 000 000 000 000 000 000 000 000 000 000 000 000 000 000 000 000 000 000 000 000 000 000 000 000 000 000 000
000 000 000 000 000 000 000 000 000 000 000 000 000 000 000 000 000 000 000 000 000 000 000 000 000 000 000 000 000 000 000 000 000 000 000 000 000 000 000 000 000 000 000 000 000 000 000 000 000 000 000 000 000 000 000 000 000 000 000 000
000 000 000 000 000 000 000 000 000 000 000 000 000 000 000 000 000 000 000 000 000 000 000 000 000 000 000 000 000 000 000 000 000 000 000 000 000 000 000 000 000 000 000 000 000 000 000 000 000 000 000 000 000 000 000 000 000 000 000 000
000 000 000 000 000 000 000 000 000 000 000 000 000 000 000 000 000 000 000 000 000 000 000 000 000 000 000 000 000 000 000 000 000 000 000 000 000 000 000 000 000 000 000 000 000 000 000 000 000 000 000 000 000 000 000 000 000 000 000 000
000 000 000 000 000 000 000 000 000 000 000 000 000 000 000 000 000 000 000 000 000 000 000 000 000 000 000 000 000 000 000 000 000 000 000 000 000 000 000 000 000 000 000 000 000 000 000 000 000 000 000 000 000 000 000 000 000 000 000 000
000 000 000 000 000 000 000 000 000 000 000 000 000 000 000 000 000 000 000 000 000 000 000 000 000 000 000 000 000 000 000 000 000 000 000 000 000 000 000 000 000 000 000 000 000 000 000 000 000 000 000 000 000 000 000 000 000 000 000 000
000 000 000 000 000 000 000 000 000 000 000 000 000 000 000 000 000 000 000 000 000 000 000 000 000 000 000 000 000 000 000 000 000 000 000 000 000 000 000 000 000 000 000 000 000 000 000 000 000 000 000 000 000 000 000 000 000 000 000 000
000 000 000 000 000 000 000 000 000 000 000 000 000 000 000 000 000 000 000 000 000 000 000 000 000 000 000 000 000 000 000 000 000 000 000 000 000 000 000 000 000 000 000 000 000 000 000 000 000 000 000 000 000 000 000 000 000 000 000 000
000 000 000 000 000 000 000 000 000 000 000 000 000 000 000 000 000 000 000 000 000 000 000 000 000 000 000 000 000 000 000 000 000 000 000 000 000 000 000 000 000 000 000 000 000 000 000 000 000 000 000 000 000 000 000 000 000 000 000 000
000 000 000 000 000 000 000 000 000 000 000 000 000 000 000 000 000 000 000 000 000 000 000 000 000 000 000 000 000 000 000 000 000 000 000 000 000 000 000 000 000 000 000 000 000 000 000 000 000 000 000 000 000 000 000 000 000 000 000 000
000 000 000 000 000 000 000 000 000 000 000 000 000 000 000 000 000 000 000 000 000 000 000 000 000 000 000 000 000 000 000 000 000 000 000 000 000 000 000 000 000 000 000 000 000 000 000 000 000 000 000 000 000 000 000 000 000 000 000 000
000 000 000 000 000 000 000 000 000 000 000 000 000 000 000 000 000 000 000 000 000 000 000 000 000 000 000 001 000 000 000 000 000 001 000 000 000 000 000 000 000 000 000 000 000 000 000 000 000 000 000 000 000 000 000 000 000 000 000 000
000 000 000 000 000 000 000 000 000 000 000 000 000 000 000 000 000 000 000 000 000 000 000 000 000 000 000 001 000 000 000 000 000 001 000 000 000 000 000 000 000 000 000 000 000 000 000 000 000 000 000 000 000 000 000 000 000 000 000 000
000 000 000 000 000 000 000 000 000 000 000 000 000 000 000 000 000 000 000 000 000 000 000 000 000 000 000 001 000 000 000 000 000 001 000 000 000 000 000 000 000 000 000 000 000 000 000 000 000 000 000 000 000 000 000 000 000 000 000 000
000 000 000 000 000 000 000 000 000 000 000 000 000 000 000 000 000 000 000 000 000 000 000 000 000 000 000 001 001 000 100 000 001 001 000 000 000 000 000 000 000 000 000 000 000 000 000 000 000 000 000 000 000 000 000 000 000 000 000 000
000 000 000 000 000 000 000 000 000 000 000 000 000 000 000 000 000 000 000 000 000 000 000 100 100 100 100 100 001 100 100 100 001 100 100 100 100 100 000 000 000 000 000 000 000 000 000 000 000 000 000 000 000 000 000 000 000 000 000 000
000 000 000 000 000 000 000 000 000 000 000 000 000 000 000 000 000 000 000 100 100 100 100 100 100 100 100 100 001 100 100 100 001 100 100 100 100 100 100 100 100 100 000 000 000 000 000 000 000 000 000 000 000 000 000 000 000 000 000 000
000 000 000 000 000 000 000 000 000 000 000 000 000 000 000 000 000 100 100 100 100 100 100 100 111 100 100 100 001 100 100 100 001 100 100 100 111 100 100 100 100 100 100 100 000 000 000 000 000 000 000 000 000 000 000 000 000 000 000 000
000 000 000 000 000 000 000 000 000 000 000 000 000 000 000 000 100 100 100 100 100 100 111 111 111 111 111 100 001 100 100 100 001 100 111 111 111 111 111 100 100 100 100 100 100 000 000 000 000 000 000 000 000 000 000 000 000 000 000 000
000 000 000 000 000 000 000 000 000 000 000 000 000 000 100 100 100 100 100 100 100 100 111 111 111 111 111 100 100 100 100 100 100 100 111 111 111 111 111 100 100 100 100 100 100 100 100 000 000 000 000 000 000 000 000 000 000 000 000 000
000 000 000 000 000 000 000 000 000 000 000 000 000 100 100 100 100 100 100 100 100 111 111 111 111 111 111 111 100 100 100 100 100 111 111 111 111 111 111 111 100 100 100 100 100 100 100 100 000 000 000 000 000 000 000 000 000 000 000 000
000 000 000 000 000 000 000 000 000 000 000 000 100 100 100 100 100 100 100 100 100 100 111 111 111 111 111 100 100 100 100 100 100 100 111 111 111 111 111 100 100 100 100 100 100 100 100 100 100 000 000 000 000 000 000 000 000 000 000 000
000 000 000 000 000 000 000 000 000 000 000 000 100 100 100 100 100 100 100 100 100 100 111 111 111 111 111 100 100 100 100 100 100 100 111 111 111 111 111 100 100 100 100 100 100 100 100 100 100 000 000 000 000 000 000 000 000 000 000 000
000 000 000 000 000 000 000 000 000 000 000 100 100 100 100 100 100 100 100 100 100 100 100 100 111 100 100 100 100 100 100 100 100 100 100 100 111 100 100 100 100 100 100 100 100 100 100 100 100 100 000 000 000 000 000 000 000 000 000 000
000 000 000 000 000 000 000 000 000 000 000 100 100 100 100 100 100 100 100 100 100 100 100 100 100 100 100 100 100 100 100 100 100 100 100 100 100 100 100 100 100 100 100 100 100 100 100 100 100 100 000 000 000 000 000 000 000 000 000 000
000 000 000 000 000 000 000 000 000 000 000 100 100 100 100 100 100 100 100 100 100 100 100 100 100 100 100 100 100 100 100 100 100 100 100 100 100 100 100 100 100 100 100 100 100 100 100 100 100 100 000 000 000 000 000 000 000 000 000 000
000 000 000 000 000 000 000 000 000 000 100 100 100 100 100 100 100 100 100 100 100 100 100 100 100 100 100 100 100 100 100 100 100 100 100 100 100 100 100 100 100 100 100 100 100 100 100 100 100 100 100 000 000 000 000 000 000 000 000 000
000 000 000 000 000 000 000 000 000 000 000 100 100 100 100 100 100 100 100 100 100 100 100 100 100 100 100 100 100 100 100 100 100 100 100 100 100 100 100 100 100 100 100 100 100 100 100 100 100 100 000 000 000 000 000 000 000 000 000 000
000 000 000 000 000 000 000 000 000 000 000 100 100 100 100 100 100 100 100 100 100 100 100 100 100 100 100 100 100 100 100 100 100 100 100 100 100 100 100 100 100 100 100 100 100 100 100 100 100 100 000 000 000 000 000 000 000 000 000 000
000 000 000 000 000 000 000 000 000 000 000 100 100 100 100 100 100 100 100 100 100 100 100 100 100 100 100 100 100 100 100 100 100 100 100 100 100 100 100 100 100 100 100 100 100 100 100 100 100 100 000 000 000 000 000 000 000 000 000 000
000 000 000 000 000 000 000 000 000 000 000 000 100 100 100 100 100 100 100 100 100 100 100 100 100 100 100 100 100 100 100 100 100 100 100 100 100 100 100 100 100 100 100 100 100 100 100 100 100 000 000 000 000 000 000 000 000 000 000 000
000 000 000 000 000 000 000 000 000 000 001 001 001 100 100 100 100 100 100 100 100 100 100 100 100 100 100 100 100 100 100 100 100 100 100 100 100 100 100 100 100 100 100 100 100 100 100 001 001 001 000 000 000 000 000 000 000 000 000 000
000 000 000 000 000 000 000 000 000 000 001 001 001 100 100 100 100 100 100 100 100 100 100 100 100 100 100 100 100 100 100 100 100 100 100 100 100 100 100 100 100 100 100 100 100 100 100 001 001 001 000 000 000 000 000 000 000 000 000 000
000 000 000 000 000 000 000 000 000 000 001 001 001 000 100 100 100 100 100 100 100 100 100 100 100 100 100 100 100 100 100 100 100 100 100 100 100 100 100 100 100 100 100 100 100 100 100 001 001 001 000 000 000 000 000 000 000 000 000 000
000 000 000 000 000 000 000 000 000 000 001 001 001 000 000 000 100 100 100 100 100 100 100 100 100 100 100 100 100 100 100 100 100 100 100 100 100 100 100 100 100 100 100 100 100 000 000 001 001 001 000 000 000 000 000 000 000 000 000 000
000 000 000 000 000 000 000 000 000 000 001 001 001 000 000 000 000 100 100 100 100 100 100 100 100 100 100 100 100 100 100 100 100 100 100 100 100 100 100 100 100 100 100 100 000 000 000 001 001 001 000 000 000 000 000 000 000 000 000 000
000 000 000 000 000 000 000 000 000 000 001 001 001 000 000 001 001 001 000 100 100 100 100 100 100 100 100 100 100 100 100 100 100 100 100 100 100 100 100 100 100 100 001 001 001 000 000 001 001 001 000 000 000 000 000 000 000 000 000 000
000 000 000 000 000 000 000 000 000 000 001 001 001 000 000 001 001 001 000 000 000 000 000 100 100 100 100 100 100 100 100 100 100 100 100 100 100 100 000 000 000 000 001 001 001 000 000 001 001 001 000 000 000 000 000 000 000 000 000 000
000 000 000 000 000 000 000 000 000 000 001 001 001 000 000 001 001 001 000 000 000 000 000 000 000 000 000 000 000 000 100 000 000 000 000 000 000 000 000 000 000 000 001 001 001 000 000 001 001 001 000 000 000 000 000 000 000 000 000 000
000 000 000 000 000 000 000 000 000 000 001 001 001 000 000 001 001 001 000 000 000 000 000 000 000 000 000 000 000 000 000 000 000 000 000 000 000 000 000 000 000 000 001 001 001 000 000 001 001 001 000 000 000 000 000 000 000 000 000 000
000 000 000 000 000 000 000 000 000 000 001 001 001 000 000 001 001 001 000 000 000 000 000 000 000 000 000 000 000 000 000 000 000 000 000 000 000 000 000 000 000 000 001 001 001 000 000 001 001 001 000 000 000 000 000 000 000 000 000 000
000 000 000 000 000 000 000 000 000 000 001 001 001 000 000 001 001 001 000 000 001 001 001 000 000 000 000 000 000 000 000 000 000 000 000 000 000 001 001 001 000 000 001 001 001 000 000 001 001 001 000 000 000 000 000 000 000 000 000 000
000 000 000 000 000 000 000 000 000 000 000 000 000 000 000 001 001 001 000 000 001 001 001 000 000 000 000 000 000 000 000 000 000 000 000 000 000 001 001 001 000 000 001 001 001 000 000 000 000 000 000 000 000 000 000 000 000 000 000 000
000 000 000 000 000 000 000 000 000 000 000 000 000 000 000 001 001 001 000 000 001 001 001 000 000 000 000 000 000 000 000 000 000 000 000 000 000 001 001 001 000 000 001 001 001 000 000 000 000 000 000 000 000 000 000 000 000 000 000 000
000 000 000 000 000 000 000 000 000 000 000 000 000 000 000 001 001 001 000 000 001 001 001 000 000 000 000 000 000 000 000 000 000 000 000 000 000 001 001 001 000 000 001 001 001 000 000 000 000 000 000 000 000 000 000 000 000 000 000 000
000 000 000 000 000 000 000 000 000 000 000 000 000 000 000 001 001 001 000 000 001 001 001 000 000 000 000 000 000 000 000 000 000 000 000 000 000 001 001 001 000 000 001 001 001 000 000 000 000 000 000 000 000 000 000 000 000 000 000 000
000 000 000 000 000 000 000 000 000 000 000 000 000 000 000 001 001 001 000 000 001 001 001 000 000 000 000 000 000 000 000 000 000 000 000 000 000 001 001 001 000 000 001 001 001 000 000 000 000 000 000 000 000 000 000 000 000 000 000 000
000 000 000 000 000 000 000 000 000 000 000 000 000 000 000 000 000 000 000 000 001 001 001 000 000 000 000 000 000 000 000 000 000 000 000 000 000 001 001 001 000 000 000 000 000 000 000 000 000 000 000 000 000 000 000 000 000 000 000 000
000 000 000 000 000 000 000 000 000 000 000 000 000 000 000 000 000 000 000 000 001 001 001 000 000 000 000 000 000 000 000 000 000 000 000 000 000 001 001 001 000 000 000 000 000 000 000 000 000 000 000 000 000 000 000 000 000 000 000 000
000 000 000 000 000 000 000 000 000 000 000 000 000 000 000 000 000 000 000 000 001 001 001 000 000 000 000 000 000 000 000 000 000 000 000 000 000 001 001 001 000 000 000 000 000 000 000 000 000 000 000 000 000 000 000 000 000 000 000 000
000 000 000 000 000 000 000 000 000 000 000 000 000 000 000 000 000 000 000 000 001 001 001 000 000 000 000 000 000 000 000 000 000 000 000 000 000 001 001 001 000 000 000 000 000 000 000 000 000 000 000 000 000 000 000 000 000 000 000 000
000 000 000 000 000 000 000 000 000 000 000 000 000 000 000 000 000 000 000 000 001 001 001 000 000 000 000 000 000 000 000 000 000 000 000 000 000 001 001 001 000 000 000 000 000 000 000 000 000 000 000 000 000 000 000 000 000 000 000 000
000 000 000 000 000 000 000 000 000 000 000 000 000 000 000 000 000 000 000 000 000 000 000 000 000 000 000 000 000 000 000 000 000 000 000 000 000 000 000 000 000 000 000 000 000 000 000 000 000 000 000 000 000 000 000 000 000 000 000 000
000 000 000 000 000 000 000 000 000 000 000 000 000 000 000 000 000 000 000 000 000 000 000 000 000 000 000 000 000 000 000 000 000 000 000 000 000 000 000 000 000 000 000 000 000 000 000 000 000 000 000 000 000 000 000 000 000 000 000 000
000 000 000 000 000 000 000 000 000 000 000 000 000 000 000 000 000 000 000 000 000 000 000 000 000 000 000 000 000 000 000 000 000 000 000 000 000 000 000 000 000 000 000 000 000 000 000 000 000 000 000 000 000 000 000 000 000 000 000 000
000 000 000 000 000 000 000 000 000 000 000 000 000 000 000 000 000 000 000 000 000 000 000 000 000 000 000 000 000 000 000 000 000 000 000 000 000 000 000 000 000 000 000 000 000 000 000 000 000 000 000 000 000 000 000 000 000 000 000 000
